Hopper:
expert:
returns [3776.4491272655714, 3777.9516499444967, 3785.8855030079553, 3781.1338393066308, 3775.0977390862467, 3781.4240898153398, 3778.9361810318123, 3779.5587135367632, 3781.4023073900362, 3781.8106894885427, 3779.2348589542285, 3778.0627535101644, 3780.2884150874456, 3774.7272726156598, 3778.4832656566095, 3778.570027095283, 3780.6885425218356, 3774.791075265638, 3779.4125053396056, 3779.6002802877574, 3773.0035403340721, 3777.1141871799687, 3779.3785894311195, 3782.1985651562122, 3782.7179184091819, 3777.7193061916528, 3777.3717521368822, 3782.3226515108736, 3774.068663843846, 3781.9458178478112, 3779.0418691224845, 3774.5881756864696, 3780.7014780065738, 3776.4122596250963, 3772.1114725420598, 3772.7030146265811, 3778.6688678702521, 3775.7625255765856, 3774.113040678551, 3776.1402950422407]
mean return 3778.28982068
std of return 3.1134199339

clone:
returns [3779.5308074321829, 3779.3326046560483, 3778.3471385219482, 3776.6246030423104, 3778.0992672673196, 3774.3043088106569, 3776.9772402931062, 3781.041977353334, 3781.3757576785515, 3777.9179494975801, 3776.4268550407596, 3778.6048702693288, 3770.8711417225472, 3776.614032117438, 3781.2799808126015, 3782.0851821535603, 3779.4887165256628, 3786.4689442798576, 3781.6510050379798, 3778.7443658534521, 3776.9703483166991, 3779.5139301267959, 3779.7321680991213, 3781.4521984486555, 3774.8335611057068, 3777.0805993344347, 3779.4098404952902, 3780.0999897854886, 3779.2443368647268, 3781.7145118941589, 3779.04012881262, 3777.8604446667373, 3776.7374659786469, 3776.4704998527909, 3778.9850578820406, 3782.7507074981158, 3777.093548460477, 3781.3586042105212, 3784.1888003502168, 3781.349083469936]
mean return 3779.04181435
std of return 2.78396327427

Ant:
expert:
returns [4975.6414302275116, 4845.017927633362, 4744.5712520903744, 4786.0841579020562, 4852.4531825380191, 4783.7491065777267, 4848.1708187117874, 4735.3609464190695, 4858.5806780518333, 4767.904911200616, 4765.4002637640633, 4963.0210997525874, 4557.8110489552391, 4899.6733019262183, 4935.2641068712283, 4772.8491329592671, 4694.6532725997358, 4843.4723901949719, 4823.1839472639103, 4705.3211620566881, 4983.1914931151568, 4508.8160900748753, 4884.6719098819831, 4986.9769462774166, 4931.8321290232589, 4862.9408248788923, 4888.0470625612406, 4766.0874958189906, 4566.054158874701, 4797.7930886050744, 4989.7356009806817, 4692.8234289799721, 4800.9940973313123, 4614.060235135873, 4863.5521663513173, 4756.3259254773502, 4933.838772043393, 4942.057336042104, 4775.59226469041, 4718.3806955278869]
mean return 4810.54889648
std of return 118.571421173

clone:
returns [4729.7321172455504, 4811.559526402556, 4829.870265161825, 4854.8105149523135, 4904.7798484441482, 4692.9648227980115, 4763.531726107658, 4828.604427744207, 4768.4069713855697, 4866.3466266834821, 4831.9812394228757, 4993.4770539568735, 4994.2387113614186, 4925.6820633029656, 4811.228774240285, 4795.2585382641928, 4827.5440436441859, 4727.2815648566002, 4734.7154692399381, 4728.4818072657836, 4733.6984211859899, 4493.375439123145, 4851.6765523187505, 4904.7832647922896, 4781.223509868124, 4825.6855372794025, 4956.2253202254797, 4845.3630959455004, 4863.7038438259615, 4854.1744876461107, 4939.4779511892439, 4796.5781276627076, 4841.5755560737289, 4793.1046025301202, 4644.3466283882717, 4831.2596564132273, 4962.0030224688589, 4555.0478820836952, 4831.5572395203135, 4571.7735042288969]
mean return 4807.42824388
std of return 109.156732709

Humanoid:
expert:
returns [10453.117100195583, 10399.110011100669, 10385.752997357979, 10417.681998252621, 10385.261289832948, 10370.337573538027, 10419.022987853396, 10429.023717362812, 10375.051890569663, 10352.719178971254, 10443.909949597553, 10449.159145023372, 10440.361173886886, 10302.112390518945, 10385.316490131145, 10463.477774629493, 10521.899380516777, 10414.950666225644, 10370.097963675578, 10395.727175934588, 10495.485123617456, 10345.074474316514, 10469.67170406275, 10452.30265278713, 10465.723573905136, 10436.101737560461, 10472.0697436674, 10391.804637319869, 10277.972251812091, 10527.368302814317, 10331.932738553958, 10327.935892069814, 10338.875573241367, 10411.770442237232, 10302.095292248385, 10315.503387973338, 10474.776786933751, 10425.74494171759, 10380.774734994657, 10375.164033682764]
mean return 10404.805972
std of return 59.740640241

clone:
returns [10399.109713142438, 10305.760949210342, 10136.987601320485, 10334.068531470368, 10316.106981480838, 743.84877317339431, 10384.05928856239, 10434.880000913494, 10218.473007823452, 10395.956112718086, 10299.543217386787, 10249.696154101606, 10409.277316889435, 10349.287864877753, 10213.687753001419, 10406.431560528768, 10284.123161876216, 10350.642300442863, 10435.228198770705, 10438.99245357435, 10342.938976425756, 10392.285687531332, 10344.740301741911, 10415.928412104222, 10369.547190375906, 736.21773304429746, 10398.775482358555, 10208.81331794954, 10329.873827476518, 10292.702869115703, 10374.803433229499, 10353.194414740674, 10342.631237034802, 10397.45415963861, 10351.473500504193, 10348.320488773765, 10285.310199361798, 10285.15539487991, 10381.762781280127, 10398.122526304332]
mean return 9861.40532188
std of return 2093.66627157


Walker2d:
expert:
returns [5348.9084511442361, 5560.985902530595, 5517.7420545446839, 5468.9444582553833, 5565.9286387835518, 5561.7638901635437, 5193.1945398667967, 5589.5124568027804, 5591.952743181585, 5537.2691921865817, 5530.1857596556938, 5565.2533839113266, 5429.1811907962265, 5575.5392958743396, 5569.5058760764896, 5515.5387343334605, 5474.1764378497064, 5525.4716562819312, 5424.791324535051, 5522.4603548314435, 5457.452798503562, 5520.4197423073547, 5439.7537877829691, 5462.467510825003, 5442.9544050084269, 5452.825867120705, 5538.5457637589107, 5533.1464640592249, 5445.1623221516402, 5509.8520153312875, 5532.9157439468945, 5554.250699119958, 5555.3785881456388, 5505.8588052775776, 5524.3538051873829, 5490.1073336539339, 5511.1481300549085, 5562.4473469719342, 5613.7612822867795, 5576.3662307037421]
mean return 5507.4368746
std of return 74.7081241324

clone:
returns [5567.7026889447643, 5452.0990223154777, 5605.4838157494805, 5475.9055392058481, 5574.5121214513074, 5410.9273122790828, 5499.9747822383642, 5436.6783344638006, 5523.1309573403814, 5481.020600639622, 5572.4641898404525, 5517.4431964668911, 5443.403089488449, 5446.5486071301275, 5392.7265148183888, 5553.9346008401199, 5507.8675455355387, 5526.0400148970202, 5523.7337705629952, 5449.2855708637198, 5601.4339551177691, 5538.291048651291, 5584.5360349412795, 5458.617283431664, 5478.9691337434724, 5547.5490057737288, 5522.5330731485437, 5363.1065738752532, 5408.9436261735846, 5528.5144853500651, 5494.334450713176, 5585.3609002304356, 5487.066964123298, 5506.4293439385501, 5443.1446918969959, 5563.1452772941011, 5532.3762599596257, 5514.4582970943939, 5488.1216505030852, 5519.1005908085035]
mean return 5503.17287305
std of return 58.0216207899


HalfCheetah:
expert:
returns [4056.5670664678291, 4123.1859450331131, 4139.6708881042105, 4309.546365244918, 3968.4323743022546, 4094.0923602450889, 4084.8939676831342, 4189.1718978832814, 4359.3074783497696, 4245.8240646714839, 3887.78134319436, 4235.2235663637939, 4155.4117800574886, 4069.747274405076, 3963.8637355283117, 4104.8225712123949, 4276.4115964372286, 4100.8229207191507, 4098.5810317889946, 4133.7038951033646, 4166.2967126110934, 4136.5993608976587, 4093.038161783033, 4230.6655710687592, 4153.3362461484094, 4133.1625009821037, 4166.6738917217153, 4196.544786208352, 4149.454253428843, 4269.8617790636845, 4149.875861583444, 4102.9401660249778, 4139.5405008625194, 4226.6369662217139, 4116.1810550396094, 4185.2348655546748, 4077.4495373486257, 4235.2061347010267, 4025.3832637707733, 4251.28835280577]
mean return 4145.06080227
std of return 92.9484898509

clone:
returns [4029.9056314158684, 4145.7417114229429, 4234.0711578077671, 4131.8323563454114, 4054.8446133322609, 4162.2441464312842, 4021.3448087235879, 4185.318471850549, 4082.8800486121686, 4059.2019573577513, 4060.7366512949993, 4213.89249098663, 4066.0444796483553, 4136.2338781210765, 4173.2159027959151, 4127.3031736342564, 4156.2177208374342, 4237.3506980309112, 4106.3560725355264, 4241.0552802972097, 4116.4478480164453, 4158.4820962481836, 4223.0962711772991, 4139.8911378651801, 4242.1581296602453, 4087.7355278580185, 4056.7809594733408, 4108.4051345647313, 4081.3986817060022, 4134.7411307677485, 4208.9050760375367, 4242.7814928768439, 4195.7462823039523, 4174.0390242336262, 4242.9403759273664, 4134.3449911085681, 4159.2810318201145, 4229.6850254737028, 4262.3398994684949, 4176.0246908990093]
mean return 4150.02540147
std of return 66.6213565113

Reacher:
expert:
returns [-5.1466988323523335, -4.4703632491169323, -6.2971908282719768, -2.3233580507425788, -4.3840629357155603, -7.2356029087572358, -6.0795918765575694, -4.9392696519401706, -4.1139440418738547, -6.450818900186734, -5.9752486020156015, -4.6957140640721802, -5.6681868485052549, -3.4955484264434427, -2.8859452367288516, -8.0964787641853597, -4.7917134531395709, -2.3486615266875313, -3.4790839283384347, -4.3182678474922245, -5.3295855289468435, -2.7010039387703144, -5.7437605055403154, -4.3827181063332938, -4.7221645420742542, -2.5153755239016617, -3.9422470401584007, -1.557788244806557, -3.7452446473007601, -3.5103888160029406, -1.7243159615113168, -1.4680469031379986, -4.8583727368442853, -5.4446009758709906, -8.16063594918527, -4.5598172493485345, -5.9195185592480835, -3.1502935873988269, -4.1241614999972356, -1.5578584059596901]
mean return -4.40784121739
std of return 1.67368969048

clone:
returns [-6.2724534190394987, -2.6813967420133618, -4.7915353519726622, -5.395244930556732, -5.4981820031912685, -8.8611234561990209, -5.8772106616541002, -6.3329383871029119, -7.1835904379933968, -6.2853152524506388, -5.1691889569701734, -8.2490028976824536, -5.5858813514489167, -5.2776130588091235, -5.3161993641436611, -4.7717432780039388, -6.9535391003475242, -6.0260331697892973, -3.2967213824848338, -5.9927504268698106, -5.6038248799473136, -4.8432453274884288, -6.2917248186831722, -7.8804874316649638, -7.2545343888457152, -4.7897627450717781, -3.8589089362252631, -6.3782699064649382, -4.5366011406459021, -6.0772144878218022, -2.6581424078486684, -7.8971644161713792, -4.9267773611558807, -7.1161076350512493, -9.8482693722161709, -6.2540425002621856, -5.912088770001346, -2.1484639014607048, -3.1810243697331941, -6.5103887826246947]
mean return -5.7446176802
std of return 1.63633442991
